8787.752013990941
11.08186058271937
0.29047517036889065
0.0033786988890224245
-0.024116974093388015
1.0958228425473906
411.6808687372487
0.01367880521791942
76.71896289632878
0.00025769322204339726
39.94034239488699
36.92299524452351
0.08552107470696257
0.587739047885613
22.389011066045363
12.530094975019752
0.004932036547736773
0.11790908228638886
0.28577729602217117
0.9909626677756336
0.6237610668251026
0.10002631404044471
0.13584193255895283
0.28265969532190516
0.012048362748053876
0.046572432702448596
0.0276448233836335
2.038341825878223
0.027359313858131618
0.0748658012048502
0.00044845570936957735
2.940302744547374e-05
0.003131509532372956
2.6238381458210114e-05
3.106642452290087
8.325420774402126e-05
1.469589711528807
7.552037031288705e-07
0.0011516771511950186
0.06380711467681
0.3980800111411791
0.3460276134906546
2.620881113700434
0.01782993165457447
0.7666811064217678
0.02565071021379417
0.9988867568265376
0.27334218255116216
9.46918833775098
0.00024087644449855006
-0.17582535605983954
0.09630545291502908
0.38471437919445983
-0.4280681485334635
0.9029799724933101
-0.4790953048504836
